z: 1
   1.12623e-01	   1.15834e-01	   1.21278e-01	   1.27347e-01	   1.32740e-01	   1.36708e-01	   1.38955e-01	   1.39407e-01	   1.38067e-01	   1.34963e-01	   1.30142e-01	   1.23714e-01	   1.15981e-01	   1.07623e-01	   9.97692e-02	   9.37868e-02	   9.04648e-02	   8.97602e-02	   9.08560e-02	   9.24719e-02	   9.35890e-02	   9.36344e-02	   9.23855e-02	   8.97788e-02	   8.57761e-02	   8.02938e-02	   7.32046e-02	   6.44411e-02	   5.42388e-02	   4.32383e-02	   3.24104e-02	   2.20872e-02	   1.31130e-02	   5.10798e-03	
   1.15834e-01	   1.18685e-01	   1.23558e-01	   1.29007e-01	   1.33885e-01	   1.37486e-01	   1.39501e-01	   1.39833e-01	   1.38472e-01	   1.35441e-01	   1.30795e-01	   1.24662e-01	   1.17349e-01	   1.09496e-01	   1.02103e-01	   9.64004e-02	   9.30602e-02	   9.20498e-02	   9.26787e-02	   9.37948e-02	   9.44945e-02	   9.42305e-02	   9.27596e-02	   8.99898e-02	   8.58611e-02	   8.02783e-02	   7.31118e-02	   6.42963e-02	   5.40695e-02	   4.30705e-02	   3.22640e-02	   2.19759e-02	   1.30417e-02	   5.07905e-03	
   1.21278e-01	   1.23558e-01	   1.27424e-01	   1.31852e-01	   1.35868e-01	   1.38839e-01	   1.40450e-01	   1.40572e-01	   1.39172e-01	   1.36267e-01	   1.31925e-01	   1.26295e-01	   1.19682e-01	   1.12661e-01	   1.06083e-01	   1.00822e-01	   9.74513e-02	   9.59559e-02	   9.57656e-02	   9.60598e-02	   9.60641e-02	   9.52712e-02	   9.34126e-02	   9.03498e-02	   8.59866e-02	   8.02105e-02	   7.28919e-02	   6.39739e-02	   5.37008e-02	   4.27091e-02	   3.19506e-02	   2.17388e-02	   1.28903e-02	   5.01772e-03	
   1.27347e-01	   1.29007e-01	   1.31852e-01	   1.35157e-01	   1.38194e-01	   1.40431e-01	   1.41559e-01	   1.41426e-01	   1.39977e-01	   1.37222e-01	   1.33240e-01	   1.28190e-01	   1.22371e-01	   1.16261e-01	   1.10505e-01	   1.05724e-01	   1.02325e-01	   1.00308e-01	   9.92879e-02	   9.86833e-02	   9.79032e-02	   9.64986e-02	   9.41751e-02	   9.07425e-02	   8.60644e-02	   8.00142e-02	   7.24729e-02	   6.34048e-02	   5.30693e-02	   4.21003e-02	   3.14283e-02	   2.13464e-02	   1.26411e-02	   4.91698e-03	
   1.32740e-01	   1.33885e-01	   1.35868e-01	   1.38194e-01	   1.40340e-01	   1.41885e-01	   1.42545e-01	   1.42159e-01	   1.40658e-01	   1.38049e-01	   1.34410e-01	   1.29904e-01	   1.24800e-01	   1.19481e-01	   1.14413e-01	   1.10033e-01	   1.06611e-01	   1.04163e-01	   1.02448e-01	   1.01066e-01	   9.95828e-02	   9.76081e-02	   9.48270e-02	   9.10014e-02	   8.59567e-02	   7.95640e-02	   7.17353e-02	   6.24761e-02	   5.20741e-02	   4.11600e-02	   3.06322e-02	   2.07540e-02	   1.22673e-02	   4.76639e-03	
   1.36708e-01	   1.37486e-01	   1.38839e-01	   1.40431e-01	   1.41885e-01	   1.42871e-01	   1.43140e-01	   1.42537e-01	   1.40990e-01	   1.38501e-01	   1.35145e-01	   1.31075e-01	   1.26522e-01	   1.21791e-01	   1.17224e-01	   1.13127e-01	   1.09690e-01	   1.06934e-01	   1.04712e-01	   1.02752e-01	   1.00726e-01	   9.82904e-02	   9.51118e-02	   9.09039e-02	   8.54614e-02	   7.86702e-02	   7.04995e-02	   6.10235e-02	   5.05727e-02	   3.97729e-02	   2.94757e-02	   1.99029e-02	   1.17344e-02	   4.55266e-03	
   1.38955e-01	   1.39501e-01	   1.40450e-01	   1.41559e-01	   1.42545e-01	   1.43140e-01	   1.43129e-01	   1.42368e-01	   1.40786e-01	   1.38382e-01	   1.35227e-01	   1.31458e-01	   1.27276e-01	   1.22929e-01	   1.18681e-01	   1.14759e-01	   1.11308e-01	   1.08352e-01	   1.05796e-01	   1.03446e-01	   1.01038e-01	   9.82560e-02	   9.47523e-02	   9.01770e-02	   8.43142e-02	   7.70847e-02	   6.85321e-02	   5.88418e-02	   4.83937e-02	   3.78033e-02	   2.78589e-02	   1.87274e-02	   1.10052e-02	   4.26168e-03	
   1.39407e-01	   1.39833e-01	   1.40572e-01	   1.41426e-01	   1.42159e-01	   1.42537e-01	   1.42368e-01	   1.41517e-01	   1.39914e-01	   1.37559e-01	   1.34517e-01	   1.30915e-01	   1.26933e-01	   1.22789e-01	   1.18703e-01	   1.14866e-01	   1.11397e-01	   1.08323e-01	   1.05570e-01	   1.02982e-01	   1.00320e-01	   9.72750e-02	   9.34734e-02	   8.85315e-02	   8.22296e-02	   7.45413e-02	   6.56138e-02	   5.57451e-02	   4.53835e-02	   3.51325e-02	   2.56969e-02	   1.71741e-02	   1.00510e-02	   3.88305e-03	
   1.38067e-01	   1.38472e-01	   1.39172e-01	   1.39977e-01	   1.40658e-01	   1.40990e-01	   1.40786e-01	   1.39914e-01	   1.38308e-01	   1.35966e-01	   1.32951e-01	   1.29388e-01	   1.25449e-01	   1.21344e-01	   1.17285e-01	   1.13453e-01	   1.09961e-01	   1.06832e-01	   1.03994e-01	   1.01287e-01	   9.84712e-02	   9.52210e-02	   9.11381e-02	   8.58222e-02	   7.90733e-02	   7.09332e-02	   6.16475e-02	   5.16629e-02	   4.14900e-02	   3.17190e-02	   2.29690e-02	   1.52338e-02	   8.86946e-03	   3.41697e-03	
   1.34963e-01	   1.35441e-01	   1.36267e-01	   1.37222e-01	   1.38049e-01	   1.38501e-01	   1.38382e-01	   1.37559e-01	   1.35966e-01	   1.33602e-01	   1.30532e-01	   1.26883e-01	   1.22836e-01	   1.18614e-01	   1.14452e-01	   1.10549e-01	   1.07029e-01	   1.03907e-01	   1.01086e-01	   9.83738e-02	   9.54966e-02	   9.20978e-02	   8.77580e-02	   8.20756e-02	   7.48933e-02	   6.63588e-02	   5.68219e-02	   4.67796e-02	   3.68746e-02	   2.76899e-02	   1.97559e-02	   1.29660e-02	   7.50121e-03	   2.88002e-03	
   1.30142e-01	   1.30795e-01	   1.31925e-01	   1.33240e-01	   1.34410e-01	   1.35145e-01	   1.35227e-01	   1.34517e-01	   1.32951e-01	   1.30532e-01	   1.27327e-01	   1.23469e-01	   1.19159e-01	   1.14659e-01	   1.10255e-01	   1.06203e-01	   1.02654e-01	   9.96098e-02	   9.69236e-02	   9.43323e-02	   9.14974e-02	   8.80215e-02	   8.34724e-02	   7.74659e-02	   6.98881e-02	   6.10435e-02	   5.16551e-02	   4.15765e-02	   3.19668e-02	   2.34327e-02	   1.62445e-02	   1.05007e-02	   6.02572e-03	   2.30255e-03	
   1.23714e-01	   1.24662e-01	   1.26295e-01	   1.28190e-01	   1.29904e-01	   1.31075e-01	   1.31458e-01	   1.30915e-01	   1.29388e-01	   1.26883e-01	   1.23469e-01	   1.19285e-01	   1.14557e-01	   1.09604e-01	   1.04806e-01	   1.00515e-01	   9.69387e-02	   9.40627e-02	   9.16521e-02	   8.93270e-02	   8.66518e-02	   8.31832e-02	   7.84944e-02	   7.22438e-02	   6.43861e-02	   5.52992e-02	   4.57722e-02	   3.58006e-02	   2.66593e-02	   1.88967e-02	   1.26790e-02	   7.99496e-03	   4.51533e-03	   1.71293e-03	
   1.15981e-01	   1.17349e-01	   1.19682e-01	   1.22371e-01	   1.24800e-01	   1.26522e-01	   1.27276e-01	   1.26933e-01	   1.25449e-01	   1.22836e-01	   1.19159e-01	   1.14557e-01	   1.09274e-01	   1.03700e-01	   9.83527e-02	   9.37268e-02	   9.01273e-02	   8.75163e-02	   8.55236e-02	   8.36062e-02	   8.11952e-02	   7.78054e-02	   7.30475e-02	   6.66557e-02	   5.86671e-02	   4.95172e-02	   4.00250e-02	   3.03563e-02	   2.17020e-02	   1.45370e-02	   9.10540e-03	   5.39523e-03	   2.96118e-03	   1.11433e-03	
   1.07623e-01	   1.09496e-01	   1.12661e-01	   1.16261e-01	   1.19481e-01	   1.21791e-01	   1.22929e-01	   1.22789e-01	   1.21344e-01	   1.18614e-01	   1.14659e-01	   1.09604e-01	   1.03700e-01	   9.74058e-02	   9.14005e-02	   8.63677e-02	   8.27377e-02	   8.04452e-02	   7.89516e-02	   7.75061e-02	   7.53897e-02	   7.20949e-02	   6.73072e-02	   6.08709e-02	   5.29180e-02	   4.39342e-02	   3.47376e-02	   2.55477e-02	   1.73309e-02	   1.01386e-02	   4.54467e-03	   2.30384e-03	   1.24347e-03	   4.64645e-04	
   9.97692e-02	   1.02103e-01	   1.06083e-01	   1.10505e-01	   1.14413e-01	   1.17224e-01	   1.18681e-01	   1.18703e-01	   1.17285e-01	   1.14452e-01	   1.10255e-01	   1.04806e-01	   9.83527e-02	   9.14005e-02	   8.47307e-02	   7.93045e-02	   7.56109e-02	   7.35574e-02	   7.25055e-02	   7.14144e-02	   6.94789e-02	   6.62040e-02	   6.13662e-02	   5.49547e-02	   4.71911e-02	   3.85891e-02	   2.99220e-02	   2.13884e-02	   1.37143e-02	   6.06525e-03	
   9.37868e-02	   9.64004e-02	   1.00822e-01	   1.05724e-01	   1.10033e-01	   1.13127e-01	   1.14759e-01	   1.14866e-01	   1.13453e-01	   1.10549e-01	   1.06203e-01	   1.00515e-01	   9.37268e-02	   8.63677e-02	   7.93045e-02	   7.35774e-02	   6.97505e-02	   6.77118e-02	   6.67208e-02	   6.56489e-02	   6.36282e-02	   6.02024e-02	   5.52571e-02	   4.89039e-02	   4.14474e-02	   3.34045e-02	   2.54682e-02	   1.78003e-02	   1.09322e-02	   4.37201e-03	
   9.04648e-02	   9.30602e-02	   9.74513e-02	   1.02325e-01	   1.06611e-01	   1.09690e-01	   1.11308e-01	   1.11397e-01	   1.09961e-01	   1.07029e-01	   1.02654e-01	   9.69387e-02	   9.01273e-02	   8.27377e-02	   7.56109e-02	   6.97505e-02	   6.56972e-02	   6.33344e-02	   6.19363e-02	   6.04135e-02	   5.79496e-02	   5.41588e-02	   4.90087e-02	   4.27236e-02	   3.56540e-02	   2.82944e-02	   2.12458e-02	   1.45972e-02	   8.77835e-03	   3.46158e-03	
   8.97602e-02	   9.20498e-02	   9.59559e-02	   1.00308e-01	   1.04163e-01	   1.06934e-01	   1.08352e-01	   1.08323e-01	   1.06832e-01	   1.03907e-01	   9.96098e-02	   9.40627e-02	   8.75163e-02	   8.04452e-02	   7.35574e-02	   6.77118e-02	   6.33344e-02	   6.03233e-02	   5.80825e-02	   5.56781e-02	   5.24524e-02	   4.81337e-02	   4.27503e-02	   3.65331e-02	   2.98917e-02	   2.32779e-02	   1.71907e-02	   1.16449e-02	   6.91998e-03	   2.70223e-03	
   9.08560e-02	   9.26787e-02	   9.57656e-02	   9.92879e-02	   1.02448e-01	   1.04712e-01	   1.05796e-01	   1.05570e-01	   1.03994e-01	   1.01086e-01	   9.69236e-02	   9.16521e-02	   8.55236e-02	   7.89516e-02	   7.25055e-02	   6.67208e-02	   6.19363e-02	   5.80825e-02	   5.47009e-02	   5.11811e-02	   4.70312e-02	   4.21322e-02	   3.67489e-02	   3.06066e-02	   2.44100e-02	   1.85702e-02	   1.33417e-02	   8.90674e-03	   5.24574e-03	   2.03666e-03	
   9.24719e-02	   9.37948e-02	   9.60598e-02	   9.86833e-02	   1.01066e-01	   1.02752e-01	   1.03446e-01	   1.02982e-01	   1.01287e-01	   9.83738e-02	   9.43323e-02	   8.93270e-02	   8.36062e-02	   7.75061e-02	   7.14144e-02	   6.56489e-02	   6.04135e-02	   5.56781e-02	   5.11811e-02	   4.65687e-02	   4.15645e-02	   3.61463e-02	   3.05797e-02	   2.46420e-02	   1.90259e-02	   1.40370e-02	   9.81157e-03	   6.42337e-03	   3.73726e-03	   1.44267e-03	
   9.35890e-02	   9.44945e-02	   9.60641e-02	   9.79032e-02	   9.95828e-02	   1.00726e-01	   1.01038e-01	   1.00320e-01	   9.84712e-02	   9.54966e-02	   9.14974e-02	   8.66518e-02	   8.11952e-02	   7.53897e-02	   6.94789e-02	   6.36282e-02	   5.79496e-02	   5.24524e-02	   4.70312e-02	   4.15645e-02	   3.59536e-02	   3.02572e-02	   2.47319e-02	   1.92110e-02	   1.42344e-02	   9.98684e-03	   6.60075e-03	   4.12156e-03	   2.34961e-03	   9.02441e-04	
   9.36344e-02	   9.42305e-02	   9.52712e-02	   9.64986e-02	   9.76081e-02	   9.82904e-02	   9.82560e-02	   9.72750e-02	   9.52210e-02	   9.20978e-02	   8.80215e-02	   8.31832e-02	   7.78054e-02	   7.20949e-02	   6.62040e-02	   6.02024e-02	   5.41588e-02	   4.81337e-02	   4.21322e-02	   3.61463e-02	   3.02572e-02	   2.45906e-02	   1.93919e-02	   1.44891e-02	   1.01709e-02	   6.28934e-03	   3.09108e-03	   1.70179e-03	   9.59213e-04	   3.67405e-04	
   9.23855e-02	   9.27596e-02	   9.34126e-02	   9.41751e-02	   9.48270e-02	   9.51118e-02	   9.47523e-02	   9.34734e-02	   9.11381e-02	   8.77580e-02	   8.34724e-02	   7.84944e-02	   7.30475e-02	   6.73072e-02	   6.13662e-02	   5.52571e-02	   4.90087e-02	   4.27503e-02	   3.67489e-02	   3.05797e-02	   2.47319e-02	   1.93919e-02	   1.46284e-02	   1.05027e-02	   6.92390e-03	   3.18958e-03	
   8.97788e-02	   8.99898e-02	   9.03498e-02	   9.07425e-02	   9.10014e-02	   9.09039e-02	   9.01770e-02	   8.85315e-02	   8.58222e-02	   8.20756e-02	   7.74659e-02	   7.22438e-02	   6.66557e-02	   6.08709e-02	   5.49547e-02	   4.89039e-02	   4.27236e-02	   3.65331e-02	   3.06066e-02	   2.46420e-02	   1.92110e-02	   1.44891e-02	   1.05027e-02	   7.24821e-03	   4.50579e-03	   1.82920e-03	
   8.57761e-02	   8.58611e-02	   8.59866e-02	   8.60644e-02	   8.59567e-02	   8.54614e-02	   8.43142e-02	   8.22296e-02	   7.90733e-02	   7.48933e-02	   6.98881e-02	   6.43861e-02	   5.86671e-02	   5.29180e-02	   4.71911e-02	   4.14474e-02	   3.56540e-02	   2.98917e-02	   2.44100e-02	   1.90259e-02	   1.42344e-02	   1.01709e-02	   6.92390e-03	   4.50579e-03	   2.68802e-03	   1.07076e-03	
   8.02938e-02	   8.02783e-02	   8.02105e-02	   8.00142e-02	   7.95640e-02	   7.86702e-02	   7.70847e-02	   7.45413e-02	   7.09332e-02	   6.63588e-02	   6.10435e-02	   5.52992e-02	   4.95172e-02	   4.39342e-02	   3.85891e-02	   3.34045e-02	   2.82944e-02	   2.32779e-02	   1.85702e-02	   1.40370e-02	   9.98684e-03	   6.28934e-03	   3.18958e-03	   1.82920e-03	   1.07076e-03	   4.21393e-04	
   7.32046e-02	   7.31118e-02	   7.28919e-02	   7.24729e-02	   7.17353e-02	   7.04995e-02	   6.85321e-02	   6.56138e-02	   6.16475e-02	   5.68219e-02	   5.16551e-02	   4.57722e-02	   4.00250e-02	   3.47376e-02	   2.99220e-02	   2.54682e-02	   2.12458e-02	   1.71907e-02	   1.33417e-02	   9.81157e-03	   6.60075e-03	   3.09108e-03	
   6.44411e-02	   6.42963e-02	   6.39739e-02	   6.34048e-02	   6.24761e-02	   6.10235e-02	   5.88418e-02	   5.57451e-02	   5.16629e-02	   4.67796e-02	   4.15765e-02	   3.58006e-02	   3.03563e-02	   2.55477e-02	   2.13884e-02	   1.78003e-02	   1.45972e-02	   1.16449e-02	   8.90674e-03	   6.42337e-03	   4.12156e-03	   1.70179e-03	
   5.42388e-02	   5.40695e-02	   5.37008e-02	   5.30693e-02	   5.20741e-02	   5.05727e-02	   4.83937e-02	   4.53835e-02	   4.14900e-02	   3.68746e-02	   3.19668e-02	   2.66593e-02	   2.17020e-02	   1.73309e-02	   1.37143e-02	   1.09322e-02	   8.77835e-03	   6.91998e-03	   5.24574e-03	   3.73726e-03	   2.34961e-03	   9.59213e-04	
   4.32383e-02	   4.30705e-02	   4.27091e-02	   4.21003e-02	   4.11600e-02	   3.97729e-02	   3.78033e-02	   3.51325e-02	   3.17190e-02	   2.76899e-02	   2.34327e-02	   1.88967e-02	   1.45370e-02	   1.01386e-02	   6.06525e-03	   4.37201e-03	   3.46158e-03	   2.70223e-03	   2.03666e-03	   1.44267e-03	   9.02441e-04	   3.67405e-04	
   3.24104e-02	   3.22640e-02	   3.19506e-02	   3.14283e-02	   3.06322e-02	   2.94757e-02	   2.78589e-02	   2.56969e-02	   2.29690e-02	   1.97559e-02	   1.62445e-02	   1.26790e-02	   9.10540e-03	   4.54467e-03	
   2.20872e-02	   2.19759e-02	   2.17388e-02	   2.13464e-02	   2.07540e-02	   1.99029e-02	   1.87274e-02	   1.71741e-02	   1.52338e-02	   1.29660e-02	   1.05007e-02	   7.99496e-03	   5.39523e-03	   2.30384e-03	
   1.31130e-02	   1.30417e-02	   1.28903e-02	   1.26411e-02	   1.22673e-02	   1.17344e-02	   1.10052e-02	   1.00510e-02	   8.86946e-03	   7.50121e-03	   6.02572e-03	   4.51533e-03	   2.96118e-03	   1.24347e-03	
   5.10798e-03	   5.07905e-03	   5.01772e-03	   4.91698e-03	   4.76639e-03	   4.55266e-03	   4.26168e-03	   3.88305e-03	   3.41697e-03	   2.88002e-03	   2.30255e-03	   1.71293e-03	   1.11433e-03	   4.64645e-04	


z: 2
   2.34169e-01	   2.46132e-01	   2.68919e-01	   2.89208e-01	   3.04302e-01	   3.14609e-01	   3.20286e-01	   3.21515e-01	   3.18438e-01	   3.11130e-01	   2.99592e-01	   2.83786e-01	   2.63691e-01	   2.39068e-01	   2.12370e-01	   1.95140e-01	   1.87988e-01	   1.90392e-01	   2.01089e-01	   2.09790e-01	   2.14492e-01	   2.15572e-01	   2.13207e-01	   2.07594e-01	   1.98880e-01	   1.87149e-01	   1.72066e-01	   1.52301e-01	   1.28854e-01	   1.06640e-01	   9.03429e-02	   6.66367e-02	   4.03428e-02	   1.56725e-02	
   2.46132e-01	   2.56423e-01	   2.76154e-01	   2.93819e-01	   3.07241e-01	   3.16520e-01	   3.21592e-01	   3.22522e-01	   3.19394e-01	   3.12273e-01	   3.01198e-01	   2.86225e-01	   2.67512e-01	   2.45076e-01	   2.20899e-01	   2.04948e-01	   1.97657e-01	   1.98614e-01	   2.06847e-01	   2.13461e-01	   2.16827e-01	   2.17057e-01	   2.14131e-01	   2.08123e-01	   1.99108e-01	   1.87137e-01	   1.71865e-01	   1.51970e-01	   1.28459e-01	   1.06226e-01	   8.99334e-02	   6.63022e-02	   4.01254e-02	   1.55847e-02	
   2.68919e-01	   2.76154e-01	   2.88683e-01	   3.01618e-01	   3.12296e-01	   3.19831e-01	   3.23862e-01	   3.24269e-01	   3.21048e-01	   3.14249e-01	   3.03968e-01	   2.90402e-01	   2.73951e-01	   2.55460e-01	   2.37287e-01	   2.23638e-01	   2.16040e-01	   2.14318e-01	   2.16807e-01	   2.19676e-01	   2.20857e-01	   2.19655e-01	   2.15763e-01	   2.09053e-01	   1.99480e-01	   1.87041e-01	   1.71393e-01	   1.51237e-01	   1.27599e-01	   1.05338e-01	   8.90581e-02	   6.55899e-02	   3.96636e-02	   1.53983e-02	
   2.89208e-01	   2.93819e-01	   3.01618e-01	   3.10382e-01	   3.18133e-01	   3.23703e-01	   3.26510e-01	   3.26288e-01	   3.22951e-01	   3.16530e-01	   3.07171e-01	   2.95178e-01	   2.81123e-01	   2.66077e-01	   2.51782e-01	   2.40155e-01	   2.32373e-01	   2.28407e-01	   2.27093e-01	   2.26660e-01	   2.25536e-01	   2.22749e-01	   2.17737e-01	   2.10161e-01	   1.99841e-01	   1.86726e-01	   1.70506e-01	   1.49953e-01	   1.26131e-01	   1.03844e-01	   8.76009e-02	   6.44115e-02	   3.89030e-02	   1.50921e-02	
   3.04302e-01	   3.07241e-01	   3.12296e-01	   3.18133e-01	   3.23437e-01	   3.27220e-01	   3.28862e-01	   3.28022e-01	   3.24564e-01	   3.18504e-01	   3.10010e-01	   2.99431e-01	   2.87360e-01	   2.74698e-01	   2.62617e-01	   2.52286e-01	   2.44423e-01	   2.39052e-01	   2.35532e-01	   2.32806e-01	   2.29809e-01	   2.25655e-01	   2.19629e-01	   2.11181e-01	   1.99988e-01	   1.85989e-01	   1.68975e-01	   1.47872e-01	   1.23823e-01	   1.01539e-01	   8.53816e-02	   6.26313e-02	   3.77604e-02	   1.46334e-02	
   3.14609e-01	   3.16520e-01	   3.19831e-01	   3.23703e-01	   3.27220e-01	   3.29604e-01	   3.30290e-01	   3.28930e-01	   3.25363e-01	   3.19597e-01	   3.11801e-01	   3.02318e-01	   2.91679e-01	   2.80602e-01	   2.69915e-01	   2.60379e-01	   2.52471e-01	   2.46245e-01	   2.41337e-01	   2.37103e-01	   2.32806e-01	   2.27733e-01	   2.21081e-01	   2.11897e-01	   1.99739e-01	   1.84597e-01	   1.66450e-01	   1.44616e-01	   1.20337e-01	   9.81379e-02	   8.21552e-02	   6.00686e-02	   3.61272e-02	   1.39804e-02	
   3.20286e-01	   3.21592e-01	   3.23862e-01	   3.26510e-01	   3.28862e-01	   3.30290e-01	   3.30301e-01	   3.28563e-01	   3.24914e-01	   3.19355e-01	   3.12046e-01	   3.03303e-01	   2.93591e-01	   2.83493e-01	   2.73631e-01	   2.64556e-01	   2.56615e-01	   2.49879e-01	   2.44133e-01	   2.38962e-01	   2.33841e-01	   2.28276e-01	   2.21535e-01	   2.11750e-01	   1.98539e-01	   1.82023e-01	   1.62334e-01	   1.39664e-01	   1.15246e-01	   9.32917e-02	   7.76309e-02	   5.65141e-02	   3.38809e-02	   1.30865e-02	
   3.21515e-01	   3.22522e-01	   3.24269e-01	   3.26288e-01	   3.28022e-01	   3.28930e-01	   3.28563e-01	   3.26611e-01	   3.22915e-01	   3.17473e-01	   3.10435e-01	   3.02096e-01	   2.92875e-01	   2.83276e-01	   2.73822e-01	   2.64962e-01	   2.56985e-01	   2.49964e-01	   2.43754e-01	   2.38041e-01	   2.32408e-01	   2.26437e-01	   2.19316e-01	   2.08826e-01	   1.94540e-01	   1.76730e-01	   1.55839e-01	   1.32521e-01	   1.08167e-01	   8.66976e-02	   7.15551e-02	   5.17901e-02	   3.09217e-02	   1.19150e-02	
   3.18438e-01	   3.19394e-01	   3.21048e-01	   3.22951e-01	   3.24564e-01	   3.25363e-01	   3.24914e-01	   3.22915e-01	   3.19210e-01	   3.13799e-01	   3.06827e-01	   2.98578e-01	   2.89460e-01	   2.79956e-01	   2.70568e-01	   2.61725e-01	   2.53699e-01	   2.46558e-01	   2.40161e-01	   2.34200e-01	   2.28258e-01	   2.21885e-01	   2.14177e-01	   2.02846e-01	   1.87511e-01	   1.68699e-01	   1.47069e-01	   1.23466e-01	   9.93752e-02	   7.85309e-02	   6.40088e-02	   4.58984e-02	   2.72382e-02	   1.04624e-02	
   3.11130e-01	   3.12273e-01	   3.14249e-01	   3.16530e-01	   3.18504e-01	   3.19597e-01	   3.19355e-01	   3.17473e-01	   3.13799e-01	   3.08335e-01	   3.01228e-01	   2.92769e-01	   2.83380e-01	   2.73585e-01	   2.63938e-01	   2.54922e-01	   2.46839e-01	   2.39738e-01	   2.33415e-01	   2.27478e-01	   2.21424e-01	   2.14719e-01	   2.06392e-01	   1.94179e-01	   1.77945e-01	   1.59400e-01	   1.39861e-01	   1.16807e-01	   9.23754e-02	   7.11430e-02	   5.59501e-02	   3.91461e-02	   2.29686e-02	   8.78208e-03	
   2.99592e-01	   3.01198e-01	   3.03968e-01	   3.07171e-01	   3.10010e-01	   3.11801e-01	   3.12046e-01	   3.10435e-01	   3.06827e-01	   3.01228e-01	   2.93790e-01	   2.84815e-01	   2.74766e-01	   2.64255e-01	   2.53985e-01	   2.44588e-01	   2.36451e-01	   2.29592e-01	   2.23665e-01	   2.18085e-01	   2.12171e-01	   2.05277e-01	   1.96394e-01	   1.83373e-01	   1.66396e-01	   1.49919e-01	   1.39073e-01	   1.17413e-01	   9.09713e-02	   6.71675e-02	   4.81027e-02	   3.19057e-02	   1.83754e-02	   6.97667e-03	
   2.83786e-01	   2.86225e-01	   2.90402e-01	   2.95178e-01	   2.99431e-01	   3.02318e-01	   3.03303e-01	   3.02096e-01	   2.98578e-01	   2.92769e-01	   2.84815e-01	   2.75018e-01	   2.63876e-01	   2.52140e-01	   2.40774e-01	   2.30727e-01	   2.22560e-01	   2.16244e-01	   2.11174e-01	   2.06396e-01	   2.00948e-01	   1.94059e-01	   1.84750e-01	   1.71058e-01	   1.53472e-01	   1.37447e-01	   1.28634e-01	   1.07961e-01	   8.15227e-02	   5.76532e-02	   3.86594e-02	   2.43582e-02	   1.36796e-02	   5.14587e-03	
   2.63691e-01	   2.67512e-01	   2.73951e-01	   2.81123e-01	   2.87360e-01	   2.91679e-01	   2.93591e-01	   2.92875e-01	   2.89460e-01	   2.83380e-01	   2.74766e-01	   2.63876e-01	   2.51186e-01	   2.37568e-01	   2.24439e-01	   2.13341e-01	   2.05197e-01	   1.99902e-01	   1.96373e-01	   1.93004e-01	   1.88384e-01	   1.81669e-01	   1.72050e-01	   1.57877e-01	   1.39841e-01	   1.23165e-01	   1.13044e-01	   9.25883e-02	   6.73051e-02	   4.48699e-02	   2.78705e-02	   1.63648e-02	   8.89413e-03	   3.31455e-03	
   2.39068e-01	   2.45076e-01	   2.55460e-01	   2.66077e-01	   2.74698e-01	   2.80602e-01	   2.83493e-01	   2.83276e-01	   2.79956e-01	   2.73585e-01	   2.64255e-01	   2.52140e-01	   2.37568e-01	   2.21207e-01	   2.04954e-01	   1.92225e-01	   1.84201e-01	   1.80653e-01	   1.80047e-01	   1.78888e-01	   1.75324e-01	   1.68776e-01	   1.58784e-01	   1.44272e-01	   1.26107e-01	   1.09043e-01	   9.77537e-02	   7.76795e-02	   5.36029e-02	   3.12059e-02	   1.38520e-02	   6.93647e-03	   3.70202e-03	   1.36802e-03	
   2.12370e-01	   2.20899e-01	   2.37287e-01	   2.51782e-01	   2.62617e-01	   2.69915e-01	   2.73631e-01	   2.73822e-01	   2.70568e-01	   2.63938e-01	   2.53985e-01	   2.40774e-01	   2.24439e-01	   2.04954e-01	   1.83860e-01	   1.69283e-01	   1.61438e-01	   1.59933e-01	   1.63871e-01	   1.65181e-01	   1.62442e-01	   1.55800e-01	   1.45142e-01	   1.30378e-01	   1.12458e-01	   9.55981e-02	   8.38956e-02	   6.47932e-02	   4.22716e-02	   1.86240e-02	
   1.95140e-01	   2.04948e-01	   2.23638e-01	   2.40155e-01	   2.52286e-01	   2.60379e-01	   2.64556e-01	   2.64962e-01	   2.61725e-01	   2.54922e-01	   2.44588e-01	   2.30727e-01	   2.13341e-01	   1.92225e-01	   1.69283e-01	   1.53649e-01	   1.45665e-01	   1.44830e-01	   1.49949e-01	   1.52006e-01	   1.49267e-01	   1.42162e-01	   1.30980e-01	   1.16146e-01	   9.87867e-02	   8.26402e-02	   7.12087e-02	   5.37811e-02	   3.36232e-02	   1.33985e-02	
   1.87988e-01	   1.97657e-01	   2.16040e-01	   2.32373e-01	   2.44423e-01	   2.52471e-01	   2.56615e-01	   2.56985e-01	   2.53699e-01	   2.46839e-01	   2.36451e-01	   2.22560e-01	   2.05197e-01	   1.84201e-01	   1.61438e-01	   1.45665e-01	   1.37201e-01	   1.35507e-01	   1.39336e-01	   1.40129e-01	   1.36249e-01	   1.28265e-01	   1.16626e-01	   1.01917e-01	   8.53062e-02	   7.01335e-02	   5.93645e-02	   4.40252e-02	   2.69426e-02	   1.05848e-02	
   1.90392e-01	   1.98614e-01	   2.14318e-01	   2.28407e-01	   2.39052e-01	   2.46245e-01	   2.49879e-01	   2.49964e-01	   2.46558e-01	   2.39738e-01	   2.29592e-01	   2.16244e-01	   1.99902e-01	   1.80653e-01	   1.59933e-01	   1.44830e-01	   1.35507e-01	   1.31545e-01	   1.31954e-01	   1.29712e-01	   1.23729e-01	   1.15179e-01	   1.04833e-01	   9.08028e-02	   7.45522e-02	   5.96804e-02	   4.87103e-02	   3.51696e-02	   2.11806e-02	   8.23315e-03	
   2.01089e-01	   2.06847e-01	   2.16807e-01	   2.27093e-01	   2.35532e-01	   2.41337e-01	   2.44133e-01	   2.43754e-01	   2.40161e-01	   2.33415e-01	   2.23665e-01	   2.11174e-01	   1.96373e-01	   1.80047e-01	   1.63871e-01	   1.49949e-01	   1.39336e-01	   1.31954e-01	   1.26486e-01	   1.20017e-01	   1.11444e-01	   1.03237e-01	   9.86483e-02	   8.59753e-02	   6.90549e-02	   5.30046e-02	   3.94557e-02	   2.70609e-02	   1.59968e-02	   6.17011e-03	
   2.09790e-01	   2.13461e-01	   2.19676e-01	   2.26660e-01	   2.32806e-01	   2.37103e-01	   2.38962e-01	   2.38041e-01	   2.34200e-01	   2.27478e-01	   2.18085e-01	   2.06396e-01	   1.93004e-01	   1.78888e-01	   1.65181e-01	   1.52006e-01	   1.40129e-01	   1.29712e-01	   1.20017e-01	   1.09882e-01	   9.88604e-02	   8.97927e-02	   8.59140e-02	   7.41530e-02	   5.80040e-02	   4.27285e-02	   2.98937e-02	   1.95741e-02	   1.13273e-02	   4.33585e-03	
   2.14492e-01	   2.16827e-01	   2.20857e-01	   2.25536e-01	   2.29809e-01	   2.32806e-01	   2.33841e-01	   2.32408e-01	   2.28258e-01	   2.21424e-01	   2.12171e-01	   2.00948e-01	   1.88384e-01	   1.75324e-01	   1.62442e-01	   1.49267e-01	   1.36249e-01	   1.23729e-01	   1.11444e-01	   9.88604e-02	   8.59926e-02	   7.54798e-02	   6.99709e-02	   5.85635e-02	   4.40682e-02	   3.07817e-02	   2.01957e-02	   1.25062e-02	   7.06190e-03	   2.68623e-03	
   2.15572e-01	   2.17057e-01	   2.19655e-01	   2.22749e-01	   2.25655e-01	   2.27733e-01	   2.28276e-01	   2.26437e-01	   2.21885e-01	   2.14719e-01	   2.05277e-01	   1.94059e-01	   1.81669e-01	   1.68776e-01	   1.55800e-01	   1.42162e-01	   1.28265e-01	   1.15179e-01	   1.03237e-01	   8.97927e-02	   7.54798e-02	   6.32944e-02	   5.54096e-02	   4.41074e-02	   3.13458e-02	   1.92905e-02	   9.40708e-03	   5.12459e-03	   2.85732e-03	   1.08255e-03	
   2.13207e-01	   2.14131e-01	   2.15763e-01	   2.17737e-01	   2.19629e-01	   2.21081e-01	   2.21535e-01	   2.19316e-01	   2.14177e-01	   2.06392e-01	   1.96394e-01	   1.84750e-01	   1.72050e-01	   1.58784e-01	   1.45142e-01	   1.30980e-01	   1.16626e-01	   1.04833e-01	   9.86483e-02	   8.59140e-02	   6.99709e-02	   5.54096e-02	   4.33919e-02	   3.20156e-02	   2.11813e-02	   9.70436e-03	
   2.07594e-01	   2.08123e-01	   2.09053e-01	   2.10161e-01	   2.11181e-01	   2.11897e-01	   2.11750e-01	   2.08826e-01	   2.02846e-01	   1.94179e-01	   1.83373e-01	   1.71058e-01	   1.57877e-01	   1.44272e-01	   1.30378e-01	   1.16146e-01	   1.01917e-01	   9.08028e-02	   8.59753e-02	   7.41530e-02	   5.85635e-02	   4.41074e-02	   3.20156e-02	   2.21038e-02	   1.36698e-02	   5.50587e-03	
   1.98880e-01	   1.99108e-01	   1.99480e-01	   1.99841e-01	   1.99988e-01	   1.99739e-01	   1.98539e-01	   1.94540e-01	   1.87511e-01	   1.77945e-01	   1.66396e-01	   1.53472e-01	   1.39841e-01	   1.26107e-01	   1.12458e-01	   9.87867e-02	   8.53062e-02	   7.45522e-02	   6.90549e-02	   5.80040e-02	   4.40682e-02	   3.13458e-02	   2.11813e-02	   1.36698e-02	   8.07885e-03	   3.18836e-03	
   1.87149e-01	   1.87137e-01	   1.87041e-01	   1.86726e-01	   1.85989e-01	   1.84597e-01	   1.82023e-01	   1.76730e-01	   1.68699e-01	   1.59400e-01	   1.49919e-01	   1.37447e-01	   1.23165e-01	   1.09043e-01	   9.55981e-02	   8.26402e-02	   7.01335e-02	   5.96804e-02	   5.30046e-02	   4.27285e-02	   3.07817e-02	   1.92905e-02	   9.70436e-03	   5.50587e-03	   3.18836e-03	   1.24138e-03	
   1.72066e-01	   1.71865e-01	   1.71393e-01	   1.70506e-01	   1.68975e-01	   1.66450e-01	   1.62334e-01	   1.55839e-01	   1.47069e-01	   1.39861e-01	   1.39073e-01	   1.28634e-01	   1.13044e-01	   9.77537e-02	   8.38956e-02	   7.12087e-02	   5.93645e-02	   4.87103e-02	   3.94557e-02	   2.98937e-02	   2.01957e-02	   9.40708e-03	
   1.52301e-01	   1.51970e-01	   1.51237e-01	   1.49953e-01	   1.47872e-01	   1.44616e-01	   1.39664e-01	   1.32521e-01	   1.23466e-01	   1.16807e-01	   1.17413e-01	   1.07961e-01	   9.25883e-02	   7.76795e-02	   6.47932e-02	   5.37811e-02	   4.40252e-02	   3.51696e-02	   2.70609e-02	   1.95741e-02	   1.25062e-02	   5.12459e-03	
   1.28854e-01	   1.28459e-01	   1.27599e-01	   1.26131e-01	   1.23823e-01	   1.20337e-01	   1.15246e-01	   1.08167e-01	   9.93752e-02	   9.23754e-02	   9.09713e-02	   8.15227e-02	   6.73051e-02	   5.36029e-02	   4.22716e-02	   3.36232e-02	   2.69426e-02	   2.11806e-02	   1.59968e-02	   1.13273e-02	   7.06190e-03	   2.85732e-03	
   1.06640e-01	   1.06226e-01	   1.05338e-01	   1.03844e-01	   1.01539e-01	   9.81379e-02	   9.32917e-02	   8.66976e-02	   7.85309e-02	   7.11430e-02	   6.71675e-02	   5.76532e-02	   4.48699e-02	   3.12059e-02	   1.86240e-02	   1.33985e-02	   1.05848e-02	   8.23315e-03	   6.17011e-03	   4.33585e-03	   2.68623e-03	   1.08255e-03	
   9.03429e-02	   8.99334e-02	   8.90581e-02	   8.76009e-02	   8.53816e-02	   8.21552e-02	   7.76309e-02	   7.15551e-02	   6.40088e-02	   5.59501e-02	   4.81027e-02	   3.86594e-02	   2.78705e-02	   1.38520e-02	
   6.66367e-02	   6.63022e-02	   6.55899e-02	   6.44115e-02	   6.26313e-02	   6.00686e-02	   5.65141e-02	   5.17901e-02	   4.58984e-02	   3.91461e-02	   3.19057e-02	   2.43582e-02	   1.63648e-02	   6.93647e-03	
   4.03428e-02	   4.01254e-02	   3.96636e-02	   3.89030e-02	   3.77604e-02	   3.61272e-02	   3.38809e-02	   3.09217e-02	   2.72382e-02	   2.29686e-02	   1.83754e-02	   1.36796e-02	   8.89413e-03	   3.70202e-03	
   1.56725e-02	   1.55847e-02	   1.53983e-02	   1.50921e-02	   1.46334e-02	   1.39804e-02	   1.30865e-02	   1.19150e-02	   1.04624e-02	   8.78208e-03	   6.97667e-03	   5.14587e-03	   3.31455e-03	   1.36802e-03	


z: 3
   6.85794e-02	   7.86888e-02	   1.12276e-01	   1.30385e-01	   1.39272e-01	   1.44679e-01	   1.47559e-01	   1.48224e-01	   1.46814e-01	   1.43366e-01	   1.37825e-01	   1.29980e-01	   1.19065e-01	   1.00160e-01	   6.81604e-02	   5.72195e-02	   5.50028e-02	   6.06300e-02	   8.36550e-02	   9.44584e-02	   9.81564e-02	   9.92088e-02	   9.84007e-02	   9.60401e-02	   9.23776e-02	   8.81335e-02	   8.41690e-02	   7.57232e-02	   6.55718e-02	   7.00291e-02	   1.29948e-01	   1.22085e-01	   7.69331e-02	   3.00560e-02	
   7.86888e-02	   8.75888e-02	   1.17493e-01	   1.33027e-01	   1.40791e-01	   1.45621e-01	   1.48187e-01	   1.48702e-01	   1.47267e-01	   1.43916e-01	   1.38619e-01	   1.31245e-01	   1.21271e-01	   1.04556e-01	   7.56709e-02	   6.55791e-02	   6.31517e-02	   6.76528e-02	   8.77684e-02	   9.65572e-02	   9.93684e-02	   9.99524e-02	   9.88595e-02	   9.63075e-02	   9.25014e-02	   8.81406e-02	   8.40799e-02	   7.55654e-02	   6.53726e-02	   6.97483e-02	   1.29346e-01	   1.21472e-01	   7.65213e-02	   2.98890e-02	
   1.12276e-01	   1.17493e-01	   1.28901e-01	   1.37586e-01	   1.43402e-01	   1.47250e-01	   1.49277e-01	   1.49531e-01	   1.48052e-01	   1.44865e-01	   1.39984e-01	   1.33412e-01	   1.25066e-01	   1.14217e-01	   1.01078e-01	   9.34122e-02	   9.01818e-02	   9.10981e-02	   9.67112e-02	   1.00185e-01	   1.01465e-01	   1.01258e-01	   9.96812e-02	   9.67924e-02	   9.27196e-02	   8.81303e-02	   8.38738e-02	   7.52179e-02	   6.49410e-02	   6.91459e-02	   1.28061e-01	   1.20167e-01	   7.56466e-02	   2.95347e-02	
   1.30385e-01	   1.33027e-01	   1.37586e-01	   1.42362e-01	   1.46354e-01	   1.49142e-01	   1.50546e-01	   1.50490e-01	   1.48955e-01	   1.45959e-01	   1.41552e-01	   1.35836e-01	   1.29003e-01	   1.21447e-01	   1.14058e-01	   1.08304e-01	   1.04766e-01	   1.03396e-01	   1.03585e-01	   1.04002e-01	   1.03864e-01	   1.02830e-01	   1.00717e-01	   9.74236e-02	   9.29936e-02	   8.80648e-02	   8.34966e-02	   7.46148e-02	   6.42076e-02	   6.81375e-02	   1.25926e-01	   1.18008e-01	   7.42050e-02	   2.89519e-02	
   1.39272e-01	   1.40791e-01	   1.43402e-01	   1.46354e-01	   1.48989e-01	   1.50851e-01	   1.51673e-01	   1.51316e-01	   1.49724e-01	   1.46907e-01	   1.42936e-01	   1.37959e-01	   1.32234e-01	   1.26180e-01	   1.20381e-01	   1.15495e-01	   1.11888e-01	   1.09567e-01	   1.08199e-01	   1.07199e-01	   1.06054e-01	   1.04381e-01	   1.01865e-01	   9.82042e-02	   9.33533e-02	   8.79423e-02	   8.28803e-02	   7.36488e-02	   6.30587e-02	   6.65892e-02	   1.22682e-01	   1.14747e-01	   7.20372e-02	   2.80779e-02	
   1.44679e-01	   1.45621e-01	   1.47250e-01	   1.49142e-01	   1.50851e-01	   1.52012e-01	   1.52365e-01	   1.51755e-01	   1.50113e-01	   1.47440e-01	   1.43815e-01	   1.39391e-01	   1.34412e-01	   1.29217e-01	   1.24209e-01	   1.19769e-01	   1.16136e-01	   1.13337e-01	   1.11195e-01	   1.09404e-01	   1.07653e-01	   1.05793e-01	   1.03614e-01	   9.98247e-02	   9.44635e-02	   8.82249e-02	   8.20134e-02	   7.21535e-02	   6.13272e-02	   6.43139e-02	   1.17974e-01	   1.10047e-01	   6.89316e-02	   2.68300e-02	
   1.47559e-01	   1.48187e-01	   1.49277e-01	   1.50546e-01	   1.51673e-01	   1.52365e-01	   1.52391e-01	   1.51601e-01	   1.49919e-01	   1.47348e-01	   1.43960e-01	   1.39901e-01	   1.35388e-01	   1.30692e-01	   1.26113e-01	   1.21915e-01	   1.18268e-01	   1.15208e-01	   1.12645e-01	   1.10406e-01	   1.08349e-01	   1.06906e-01	   1.06970e-01	   1.03419e-01	   9.73727e-02	   8.97218e-02	   8.07392e-02	   6.98711e-02	   5.87983e-02	   6.10839e-02	   1.11374e-01	   1.03511e-01	   6.46435e-02	   2.51145e-02	
   1.48224e-01	   1.48702e-01	   1.49531e-01	   1.50490e-01	   1.51316e-01	   1.51755e-01	   1.51601e-01	   1.50708e-01	   1.49005e-01	   1.46490e-01	   1.43233e-01	   1.39370e-01	   1.35098e-01	   1.30651e-01	   1.26277e-01	   1.22189e-01	   1.18527e-01	   1.15331e-01	   1.12547e-01	   1.10068e-01	   1.07832e-01	   1.06468e-01	   1.06989e-01	   1.03318e-01	   9.66905e-02	   8.81324e-02	   7.80234e-02	   6.65729e-02	   5.53399e-02	   5.67504e-02	   1.02521e-01	   9.47907e-02	   5.89656e-02	   2.28534e-02	
   1.46814e-01	   1.47267e-01	   1.48052e-01	   1.48955e-01	   1.49724e-01	   1.50113e-01	   1.49919e-01	   1.49005e-01	   1.47298e-01	   1.44797e-01	   1.41572e-01	   1.37752e-01	   1.33529e-01	   1.29128e-01	   1.24787e-01	   1.20709e-01	   1.17027e-01	   1.13780e-01	   1.10917e-01	   1.08336e-01	   1.05986e-01	   1.04478e-01	   1.04745e-01	   1.00694e-01	   9.35979e-02	   8.48649e-02	   7.51869e-02	   6.36884e-02	   5.21874e-02	   5.22206e-02	   9.18292e-02	   8.39664e-02	   5.18745e-02	   2.00333e-02	
   1.43366e-01	   1.43916e-01	   1.44865e-01	   1.45959e-01	   1.46907e-01	   1.47440e-01	   1.47348e-01	   1.46490e-01	   1.44797e-01	   1.42271e-01	   1.38980e-01	   1.35057e-01	   1.30699e-01	   1.26152e-01	   1.21681e-01	   1.17519e-01	   1.13815e-01	   1.10598e-01	   1.07788e-01	   1.05238e-01	   1.02850e-01	   1.01170e-01	   1.01043e-01	   9.65520e-02	   8.93929e-02	   8.48676e-02	   8.85013e-02	   7.97303e-02	   6.42558e-02	   5.79470e-02	   8.40110e-02	   7.20720e-02	   4.36736e-02	   1.67647e-02	
   1.37825e-01	   1.38619e-01	   1.39984e-01	   1.41552e-01	   1.42936e-01	   1.43815e-01	   1.43960e-01	   1.43233e-01	   1.41572e-01	   1.38980e-01	   1.35526e-01	   1.31347e-01	   1.26656e-01	   1.21742e-01	   1.16947e-01	   1.12591e-01	   1.08870e-01	   1.05797e-01	   1.03216e-01	   1.00871e-01	   9.85672e-02	   9.67580e-02	   9.62074e-02	   9.13304e-02	   8.47076e-02	   9.40530e-02	   1.70258e-01	   1.73018e-01	   1.36733e-01	   1.03728e-01	   8.42484e-02	   5.98713e-02	   3.49268e-02	   1.32579e-02	
   1.29980e-01	   1.31245e-01	   1.33412e-01	   1.35836e-01	   1.37959e-01	   1.39391e-01	   1.39901e-01	   1.39370e-01	   1.37752e-01	   1.35057e-01	   1.31347e-01	   1.26751e-01	   1.21488e-01	   1.15906e-01	   1.10489e-01	   1.05777e-01	   1.02061e-01	   9.93287e-02	   9.72797e-02	   9.54112e-02	   9.33705e-02	   9.15134e-02	   9.05500e-02	   8.52679e-02	   7.85900e-02	   9.21022e-02	   1.87088e-01	   1.95501e-01	   1.51909e-01	   1.07719e-01	   7.28471e-02	   4.61988e-02	   2.59132e-02	   9.71735e-03	
   1.19065e-01	   1.21271e-01	   1.25066e-01	   1.29003e-01	   1.32234e-01	   1.34412e-01	   1.35388e-01	   1.35098e-01	   1.33529e-01	   1.30699e-01	   1.26656e-01	   1.21488e-01	   1.15355e-01	   1.08578e-01	   1.01885e-01	   9.64812e-02	   9.28327e-02	   9.08757e-02	   9.00552e-02	   8.91797e-02	   8.76448e-02	   8.58041e-02	   8.44121e-02	   7.87375e-02	   7.16573e-02	   8.29595e-02	   1.66681e-01	   1.71633e-01	   1.28950e-01	   8.59520e-02	   5.31568e-02	   3.10346e-02	   1.67579e-02	   6.21749e-03	
   1.00160e-01	   1.04556e-01	   1.14217e-01	   1.21447e-01	   1.26180e-01	   1.29217e-01	   1.30692e-01	   1.30651e-01	   1.29128e-01	   1.26152e-01	   1.21742e-01	   1.15906e-01	   1.08578e-01	   9.91261e-02	   8.76855e-02	   8.07641e-02	   7.74423e-02	   7.75306e-02	   8.15563e-02	   8.31633e-02	   8.23931e-02	   8.04359e-02	   7.81793e-02	   7.20237e-02	   6.45652e-02	   7.29791e-02	   1.43300e-01	   1.43740e-01	   1.02703e-01	   5.98407e-02	   2.64214e-02	   1.31262e-02	   6.95161e-03	   2.55550e-03	
   6.81604e-02	   7.56709e-02	   1.01078e-01	   1.14058e-01	   1.20381e-01	   1.24209e-01	   1.26113e-01	   1.26277e-01	   1.24787e-01	   1.21681e-01	   1.16947e-01	   1.10489e-01	   1.01885e-01	   8.76855e-02	   6.33294e-02	   5.45724e-02	   5.20754e-02	   5.54693e-02	   7.27432e-02	   7.89409e-02	   7.89543e-02	   7.64706e-02	   7.20603e-02	   6.52074e-02	   5.75479e-02	   6.35799e-02	   1.22138e-01	   1.19413e-01	   8.07903e-02	   3.57089e-02	
   5.72195e-02	   6.55791e-02	   9.34122e-02	   1.08304e-01	   1.15495e-01	   1.19769e-01	   1.21915e-01	   1.22189e-01	   1.20709e-01	   1.17519e-01	   1.12591e-01	   1.05777e-01	   9.64812e-02	   8.07641e-02	   5.45724e-02	   4.53007e-02	   4.29531e-02	   4.70476e-02	   6.59207e-02	   7.32708e-02	   7.34464e-02	   7.05588e-02	   6.54101e-02	   5.82715e-02	   5.06123e-02	   5.47321e-02	   1.03117e-01	   9.88132e-02	   6.41474e-02	   2.56766e-02	
   5.50028e-02	   6.31517e-02	   9.01818e-02	   1.04766e-01	   1.11888e-01	   1.16136e-01	   1.18268e-01	   1.18527e-01	   1.17027e-01	   1.13815e-01	   1.08870e-01	   1.02061e-01	   9.28327e-02	   7.74423e-02	   5.20754e-02	   4.29531e-02	   4.04553e-02	   4.40301e-02	   6.13677e-02	   6.77630e-02	   6.73321e-02	   6.41986e-02	   5.93518e-02	   5.23307e-02	   4.46805e-02	   4.69614e-02	   8.58380e-02	   8.07449e-02	   5.13167e-02	   2.02516e-02	
   6.06300e-02	   6.76528e-02	   9.10981e-02	   1.03396e-01	   1.09567e-01	   1.13337e-01	   1.15208e-01	   1.15331e-01	   1.13780e-01	   1.10598e-01	   1.05797e-01	   9.93287e-02	   9.08757e-02	   7.75306e-02	   5.54693e-02	   4.70476e-02	   4.40301e-02	   4.60076e-02	   5.94137e-02	   6.31519e-02	   6.16458e-02	   6.10121e-02	   6.56217e-02	   6.09636e-02	   5.10045e-02	   4.82958e-02	   7.33191e-02	   6.48254e-02	   4.02760e-02	   1.57098e-02	
   8.36550e-02	   8.77684e-02	   9.67112e-02	   1.03585e-01	   1.08199e-01	   1.11195e-01	   1.12645e-01	   1.12547e-01	   1.10917e-01	   1.07788e-01	   1.03216e-01	   9.72797e-02	   9.00552e-02	   8.15563e-02	   7.27432e-02	   6.59207e-02	   6.13677e-02	   5.94137e-02	   6.04307e-02	   5.91394e-02	   5.64911e-02	   6.47300e-02	   1.20057e-01	   1.25140e-01	   1.02351e-01	   8.10280e-02	   6.89300e-02	   5.07688e-02	   3.04079e-02	   1.17253e-02	
   9.44584e-02	   9.65572e-02	   1.00185e-01	   1.04002e-01	   1.07199e-01	   1.09404e-01	   1.10406e-01	   1.10068e-01	   1.08336e-01	   1.05238e-01	   1.00871e-01	   9.54112e-02	   8.91797e-02	   8.31633e-02	   7.89409e-02	   7.32708e-02	   6.77630e-02	   6.31519e-02	   5.91394e-02	   5.47372e-02	   5.06528e-02	   6.04268e-02	   1.25190e-01	   1.33883e-01	   1.07572e-01	   7.95180e-02	   5.62488e-02	   3.71224e-02	   2.14641e-02	   8.19116e-03	
   9.81564e-02	   9.93684e-02	   1.01465e-01	   1.03864e-01	   1.06054e-01	   1.07653e-01	   1.08349e-01	   1.07832e-01	   1.05986e-01	   1.02850e-01	   9.85672e-02	   9.33705e-02	   8.76448e-02	   8.23931e-02	   7.89543e-02	   7.34464e-02	   6.73321e-02	   6.16458e-02	   5.64911e-02	   5.06528e-02	   4.51706e-02	   5.17665e-02	   1.03742e-01	   1.08603e-01	   8.42866e-02	   5.88592e-02	   3.84883e-02	   2.37179e-02	   1.33109e-02	   5.04163e-03	
   9.92088e-02	   9.99524e-02	   1.01258e-01	   1.02830e-01	   1.04381e-01	   1.05793e-01	   1.06906e-01	   1.06468e-01	   1.04478e-01	   1.01170e-01	   9.67580e-02	   9.15134e-02	   8.58041e-02	   8.04359e-02	   7.64706e-02	   7.05588e-02	   6.41986e-02	   6.10121e-02	   6.47300e-02	   6.04268e-02	   5.17665e-02	   5.18482e-02	   8.48330e-02	   8.20867e-02	   5.99313e-02	   3.68829e-02	   1.79145e-02	   9.69500e-03	   5.36636e-03	   2.02319e-03	
